[business.jpg]
filters=enhance=1;autolight=1;finetune2=1,0.017544,0.000000,0.000000,00000000,-0.029240;sepia=1;bw=1;warm=1;unsharp2=1,0.000000;sepia=1;bw=1;
moddate=1221046ab4facc01
width=418
height=279
textactive=0
